64
33 43 41 54 31 46 48 42 45 6 28 12 58 24 8 10 44 57 2 30 13 60 23 3 1 61 7 51 4 21 35 14 18 40 59 11 62 56 32 34 49 15 38 22 52 53 47 9 63 19 17 37 25 26 39 64 20 50 16 5 27 29 55 36
27 41 25 12 1 4 5 53 16 33 56 23 24 49 62 6 31 64 21 59 2 58 29 13 9 17 60 48 30 34 18 22 47 43 26 14 63 57 38 7 3 11 42 32 35 55 61 20 10 37 8 28 44 52 39 36 19 51 40 46 50 15 54 45
10 64 50 57 2 23 25 43 8 52 11 21 22 54 60 14 13 46 33 19 29 5 28 42 30 1 62 32 37 61 49 6 35 39 7 41 24 26 36 58 16 40 34 18 9 45 4 15 59 56 53 55 12 38 31 48 47 51 17 27 3 63 44 20
41 26 9 54 63 51 11 34 48 29 23 46 6 24 19 47 64 44 55 15 62 17 16 13 8 27 5 30 61 59 2 7 39 21 4 31 36 33 49 60 38 32 53 22 43 58 40 52 1 50 28 42 25 20 35 57 14 37 10 18 45 3 56 12
12 64 26 34 57 47 53 63 59 10 9 36 55 51 3 27 43 61 24 22 21 41 38 11 52 48 46 45 49 31 16 5 32 62 18 7 1 42 56 14 19 30 40 37 29 25 2 44 20 15 6 60 35 23 39 8 13 28 58 54 4 17 33 50
53 57 46 3 16 63 44 40 29 17 49 62 47 8 64 11 15 33 41 54 19 6 58 35 12 60 48 13 51 50 42 30 52 27 43 5 36 34 20 31 38 21 7 59 10 61 37 39 1 56 14 9 24 28 23 32 4 45 22 25 55 26 2 18
48 11 47 55 18 29 20 44 22 43 16 35 23 58 37 14 63 53 27 25 32 19 17 38 34 7 5 45 39 12 62 50 21 52 15 8 41 51 1 33 4 54 49 46 9 2 60 24 56 36 28 42 59 3 13 26 57 64 30 40 31 6 10 61
54 20 39 30 38 5 51 18 60 12 49 19 41 58 42 13 25 27 31 2 17 50 64 52 7 4 59 47 32 1 24 44 14 63 15 56 55 40 3 43 26 62 61 11 28 53 21 35 29 6 23 48 33 36 8 45 22 46 10 16 37 57 34 9
15 61 17 41 2 13 12 34 25 29 36 58 62 31 14 50 45 32 46 16 48 10 59 51 11 55 22 43 42 49 9 39 54 3 40 64 26 24 63 23 35 60 4 28 1 37 33 21 8 19 6 30 57 44 20 52 7 47 56 18 5 53 27 38
8 54 53 24 19 58 62 44 3 52 37 2 63 21 38 27 43 4 29 60 14 22 17 42 55 25 30 40 12 64 28 35 13 48 18 15 56 57 31 32 6 10 45 26 51 5 16 34 50 59 61 39 11 46 47 33 20 1 9 23 36 49 41 7
2 54 48 10 25 8 26 64 38 9 51 18 13 31 29 5 40 41 39 42 36 28 17 4 21 23 55 3 22 52 33 30 59 19 43 15 11 6 34 49 56 24 20 57 1 35 7 61 47 45 16 27 44 37 62 14 58 46 60 53 63 12 50 32
54 64 17 48 27 42 30 59 19 18 11 50 63 6 49 45 8 46 31 60 57 7 53 32 43 12 39 61 22 1 25 16 38 41 34 35 2 15 24 26 52 40 28 14 58 10 51 23 20 5 9 29 3 33 56 44 47 37 21 55 36 62 4 13
38 62 64 55 22 32 41 56 37 63 14 4 18 45 6 42 44 17 21 28 27 25 33 5 16 2 50 7 12 54 57 51 61 30 9 34 60 43 26 53 49 47 1 23 20 35 58 31 19 29 13 59 46 24 10 8 52 36 48 3 11 40 15 39
10 30 51 55 59 46 11 43 36 41 20 9 63 13 38 18 21 16 52 40 1 62 27 8 24 7 58 14 57 53 26 61 35 17 34 33 32 49 42 19 47 3 12 37 64 5 45 2 23 15 54 56 44 60 22 31 50 4 28 39 6 29 48 25
28 6 50 24 4 51 62 35 56 15 48 23 25 63 45 21 17 7 41 34 64 22 27 58 49 44 8 61 11 31 57 20 10 39 36 46 2 26 37 55 18 60 40 30 19 43 5 1 47 12 54 53 32 16 14 29 38 52 42 13 59 9 33 3
48 35 62 36 31 2 19 21 12 38 61 44 40 1 7 22 57 51 15 16 41 54 59 17 46 53 45 55 32 43 33 28 23 10 60 8 18 11 64 20 6 56 14 50 5 9 29 42 30 34 58 37 3 52 49 4 25 39 63 24 47 27 13 26
61 27 37 28 34 13 32 64 17 20 36 44 47 54 41 63 56 22 59 39 52 57 7 9 16 18 25 21 5 14 46 43 31 24 40 8 11 23 49 4 45 6 30 29 35 3 38 50 53 1 60 19 58 42 62 10 12 55 15 26 51 2 48 33
35 44 63 1 6 20 24 37 60 54 50 9 48 25 38 4 42 12 32 16 11 57 46 56 39 13 33 14 10 26 21 31 17 34 51 27 43 18 49 23 15 47 22 3 30 61 45 19 52 2 40 53 58 64 36 55 59 7 8 5 29 28 62 41
47 7 16 43 24 12 58 32 63 11 62 3 17 28 55 59 31 51 50 64 36 19 25 4 2 5 29 52 48 21 8 1 38 54 10 44 14 9 26 30 39 61 42 41 35 40 18 13 27 46 53 60 49 45 56 23 22 37 15 20 34 33 6 57
42 57 16 49 20 39 54 61 22 60 12 25 33 38 5 48 45 64 27 53 9 4 15 21 32 59 62 6 1 17 28 50 18 19 3 41 43 7 37 47 46 10 29 31 26 63 2 24 44 51 14 23 30 56 8 58 13 34 52 11 36 35 55 40
45 15 48 37 50 34 7 26 33 59 55 23 12 2 57 13 32 16 9 29 18 38 43 28 53 3 35 10 44 27 64 46 21 62 17 19 61 63 52 4 1 24 25 14 22 11 8 36 20 30 41 60 51 56 6 54 49 58 47 31 42 5 40 39
38 21 52 40 54 63 29 25 60 12 33 27 64 55 34 45 36 26 49 24 57 61 62 5 46 18 41 59 6 48 39 19 51 23 58 43 28 42 50 31 17 2 1 15 11 30 53 44 20 47 22 56 16 37 3 8 9 10 4 35 32 14 13 7
19 3 49 45 30 50 63 51 31 28 24 23 5 32 42 1 15 2 41 11 47 57 10 58 6 33 35 61 56 36 14 16 20 62 64 59 26 39 9 43 22 29 52 8 38 54 27 17 21 18 40 12 53 55 37 34 13 25 44 60 7 48 4 46
3 30 63 61 41 55 33 44 39 46 37 26 52 35 62 20 12 4 34 57 51 22 64 53 5 17 10 11 50 42 58 48 38 24 21 36 31 59 7 16 1 23 6 40 60 15 18 56 19 8 9 13 25 2 45 49 32 14 43 28 47 27 29 54
55 7 50 64 16 8 13 62 19 63 35 11 30 45 44 6 26 61 54 48 51 34 39 59 37 36 28 60 20 27 2 41 32 40 24 18 22 25 5 14 9 58 31 17 4 47 38 15 46 49 10 43 42 29 12 57 52 53 21 56 33 3 23 1
32 48 26 7 12 60 47 38 17 54 14 52 8 3 33 59 37 16 51 25 53 2 4 44 63 42 39 58 62 9 41 57 56 36 19 34 10 22 43 28 5 46 35 27 45 40 61 23 6 31 15 29 55 20 21 64 30 11 49 13 24 1 18 50
7 52 61 39 20 42 21 62 51 35 27 40 41 47 34 63 46 4 31 43 29 48 32 57 5 59 16 18 50 33 9 24 58 38 11 56 54 26 14 23 12 8 37 22 28 60 15 44 3 2 17 19 1 36 13 64 55 30 49 45 25 53 10 6
45 12 39 60 38 24 47 62 29 64 21 31 3 42 59 23 33 48 43 44 34 46 17 63 16 36 15 41 57 53 54 26 8 6 20 27 55 10 58 30 40 5 32 28 9 56 61 7 4 52 11 1 18 22 13 2 25 50 19 35 51 49 37 14
19 45 11 49 22 41 13 6 55 3 5 58 29 47 16 33 43 42 8 27 37 1 44 54 51 28 60 34 62 57 7 10 9 32 36 4 17 40 46 25 63 35 52 21 26 24 18 14 23 2 15 38 30 48 59 53 61 12 64 56 31 39 50 20
31 35 10 37 16 53 55 3 30 28 11 47 59 32 27 26 18 48 40 58 36 63 44 52 21 13 57 19 4 5 9 34 7 38 20 49 62 50 46 45 61 64 39 17 12 42 29 25 22 1 43 23 15 33 24 8 54 60 56 6 2 51 41 14
43 25 24 45 23 34 3 27 37 53 33 28 58 21 60 4 36 31 6 13 56 30 46 47 18 35 14 38 32 55 61 29 7 20 62 19 11 26 9 15 59 63 42 50 44 48 40 10 41 22 54 49 12 39 8 16 1 52 2 64 17 57 51 5
2 10 61 3 43 11 44 31 37 30 55 58 63 15 51 32 46 21 22 59 17 40 50 54 16 52 42 26 8 29 45 6 33 47 25 62 53 4 12 56 23 1 57 27 64 48 38 36 18 9 19 35 39 7 60 20 24 41 5 49 14 28 13 34
43 23 26 3 30 5 9 34 14 44 51 52 35 2 48 22 46 61 21 6 11 63 36 33 12 40 29 53 31 42 10 59 49 15 19 37 18 24 7 55 47 62 45 41 56 16 8 39 13 60 27 17 1 4 57 38 20 50 54 32 58 25 28 64
23 54 6 31 61 27 45 39 57 58 59 24 46 64 30 18 37 3 20 35 38 12 21 51 16 28 14 48 10 34 49 43 53 2 7 19 5 44 36 15 29 11 17 40 63 4 56 32 13 9 50 52 8 26 1 22 25 55 33 62 41 47 42 60
40 25 51 30 60 20 10 54 42 19 64 2 11 24 37 4 17 21 14 41 49 28 3 27 16 18 46 55 58 1 22 61 32 34 15 63 12 38 39 56 62 6 53 7 48 52 9 26 43 29 47 31 35 59 23 44 8 36 33 13 45 57 50 5
35 10 41 9 55 13 53 23 27 3 54 47 17 38 20 43 48 40 15 19 62 5 51 39 25 52 56 33 44 37 11 26 59 18 2 45 29 24 58 36 63 16 7 50 57 21 8 28 22 14 30 60 31 34 4 49 64 46 32 61 12 6 1 42
17 60 36 52 5 7 50 9 2 23 61 8 44 46 13 33 55 34 27 12 19 58 62 63 59 32 57 1 28 48 30 6 42 40 21 16 25 56 14 51 31 20 38 22 3 4 29 53 64 11 35 47 54 37 39 26 18 10 41 24 43 45 15 49
57 55 17 51 26 16 2 47 6 8 3 22 11 41 13 40 24 58 52 9 23 48 35 37 39 14 54 60 19 1 7 21 45 18 62 27 56 15 44 63 4 32 30 50 31 5 34 33 36 61 10 59 25 38 20 53 49 28 42 43 46 64 12 29
12 51 22 6 16 50 57 18 62 30 44 23 54 3 2 25 58 42 32 48 55 45 40 8 4 10 33 28 9 19 36 26 37 13 17 64 38 29 39 63 60 53 35 52 14 59 61 21 7 49 15 34 24 1 20 47 5 41 43 27 56 31 46 11
20 44 52 7 10 32 57 4 48 12 28 63 5 24 17 58 26 9 15 14 6 37 45 54 43 25 29 36 23 38 18 3 40 35 53 50 49 33 46 34 51 42 62 27 22 39 11 55 31 47 19 59 41 2 30 61 16 1 64 13 60 56 8 21
47 16 2 28 20 42 24 46 21 56 51 35 34 61 11 45 3 49 59 32 4 60 63 57 40 58 15 1 31 26 36 54 8 33 62 52 17 48 5 18 23 7 37 44 39 6 19 10 38 43 14 22 64 53 27 50 13 55 25 30 41 29 9 12
42 54 9 46 53 57 2 17 52 24 49 60 20 16 12 47 33 31 21 32 8 22 37 10 43 5 7 48 19 50 61 45 6 38 13 62 28 30 26 63 23 55 4 14 11 29 27 39 18 40 25 56 41 44 15 36 58 34 35 59 3 64 51 1
10 36 62 47 30 54 37 20 50 55 59 11 46 51 32 64 48 38 16 56 52 18 26 19 25 43 2 41 34 15 3 27 40 42 1 45 31 28 35 57 53 60 13 44 39 9 17 14 23 49 4 61 63 29 58 22 33 24 12 7 5 8 6 21
28 10 53 46 31 35 3 22 55 64 27 4 38 50 21 47 44 39 23 2 49 32 58 9 8 16 20 56 43 51 33 1 41 59 63 11 45 34 29 61 19 15 40 30 5 25 13 36 6 17 24 42 52 26 7 14 60 62 48 54 12 18 37 57
15 32 44 60 19 54 26 13 48 57 47 51 34 24 55 38 49 18 12 17 33 63 14 35 37 7 10 4 2 6 42 52 20 3 16 46 30 40 23 61 62 53 28 25 8 59 9 50 45 21 41 5 27 36 22 64 31 39 1 11 56 58 29 43
44 48 19 34 11 6 22 12 60 33 46 1 29 32 56 27 47 30 18 59 49 2 55 51 58 57 45 15 31 4 38 37 23 13 21 53 52 20 24 17 42 61 64 40 8 3 25 50 14 10 28 5 41 36 39 16 63 54 9 62 35 43 7 26
36 42 27 37 63 55 64 57 6 51 39 25 53 33 59 9 49 8 30 61 28 3 10 58 46 2 34 54 23 60 1 15 56 4 41 47 13 18 45 62 38 20 52 43 31 40 35 44 19 7 14 5 12 16 24 29 32 48 26 21 17 11 22 50
26 8 43 9 49 33 31 17 19 39 41 6 14 24 34 64 53 62 47 21 4 5 11 55 7 28 29 61 37 40 60 45 1 51 2 36 18 15 32 46 42 3 54 30 16 38 52 57 10 13 22 20 25 63 44 59 23 58 50 35 27 48 56 12
59 50 55 16 36 24 30 61 37 62 19 5 57 7 53 22 25 26 12 13 60 6 40 32 47 52 27 46 43 15 58 51 48 4 34 8 42 35 9 29 2 1 54 11 64 38 14 39 21 44 41 18 49 56 17 28 10 45 23 63 3 31 33 20
31 50 15 11 55 40 9 56 39 25 4 14 64 20 10 54 41 46 3 13 63 26 21 34 6 8 16 33 51 47 24 42 60 38 58 57 36 44 22 12 48 18 52 7 32 53 43 5 27 61 19 30 62 1 17 2 23 37 45 49 28 59 29 35
24 22 50 47 57 18 56 15 58 19 39 5 3 59 61 54 41 32 13 10 35 40 11 48 64 43 23 1 45 46 21 62 9 60 6 16 25 2 28 31 34 14 51 12 63 17 49 26 27 8 30 37 7 33 36 53 4 42 29 38 44 52 55 20
54 27 44 13 8 49 40 23 32 63 10 60 50 25 1 53 61 2 37 6 51 34 33 56 9 38 55 17 48 29 5 45 36 52 47 14 46 35 12 31 20 24 19 39 15 42 4 28 26 41 58 57 59 11 18 64 16 43 3 7 30 62 22 21
13 50 20 63 55 6 53 57 30 41 33 31 36 9 49 37 61 16 52 21 56 51 11 24 5 29 1 35 39 47 34 42 15 46 7 28 25 54 4 10 2 18 40 43 8 32 12 60 26 38 58 59 45 23 19 17 44 62 14 27 3 64 48 22
40 60 35 27 2 25 24 8 63 50 12 42 1 15 30 13 58 38 36 49 37 46 31 16 23 48 19 29 33 43 61 5 20 32 54 22 39 6 4 10 62 64 55 59 52 21 9 17 47 26 45 3 57 41 14 53 11 44 28 51 56 18 7 34
44 60 28 1 35 39 58 20 34 18 19 27 38 10 11 16 30 4 15 54 31 52 41 13 22 23 9 33 62 3 43 25 12 53 37 64 2 40 32 47 29 46 51 59 63 61 57 14 7 17 42 6 8 56 21 5 48 45 49 55 50 26 36 24
64 63 41 14 32 62 59 31 4 36 50 38 53 42 35 10 37 25 49 3 19 27 20 12 39 30 9 34 44 18 47 33 28 40 46 22 11 15 52 7 58 55 17 2 16 29 13 45 5 24 57 56 1 6 51 60 21 61 8 23 54 26 48 43
24 54 12 55 25 21 28 20 34 31 39 41 45 48 43 6 61 30 22 35 53 58 13 56 27 9 19 52 3 23 44 29 14 46 18 38 42 10 40 37 17 49 57 1 63 64 4 36 15 50 60 16 47 33 7 2 8 51 62 59 26 32 11 5
38 33 28 20 9 63 35 40 49 30 31 18 19 4 1 41 36 13 59 26 62 22 25 7 23 61 16 34 45 52 64 47 54 29 11 15 6 37 12 2 48 57 3 43 8 39 46 32 50 21 51 17 5 53 14 60 42 27 58 44 55 10 24 56
36 54 21 10 59 24 49 12 8 31 33 9 7 1 28 40 57 38 17 48 3 4 6 55 61 22 18 50 20 16 39 35 63 43 32 29 14 44 26 37 19 60 58 47 42 56 5 27 13 46 30 62 51 23 2 15 45 53 11 41 64 34 25 52
40 59 1 5 44 55 48 18 2 38 58 60 12 17 42 13 52 35 39 25 45 16 28 51 63 29 53 9 43 10 26 20 33 11 30 46 61 34 4 6 19 7 15 64 24 14 49 62 8 36 57 22 32 47 56 41 27 37 3 54 50 21 23 31
29 62 4 30 6 46 51 9 25 20 42 40 45 12 18 21 24 14 43 64 52 11 49 2 37 61 28 15 60 7 23 63 31 34 17 32 10 19 59 55 44 57 8 22 36 33 54 41 47 35 53 39 48 3 1 58 50 13 16 5 27 56 38 26
8 18 29 63 41 55 7 15 45 54 62 2 23 50 42 37 25 5 36 51 46 58 64 13 31 30 57 52 56 34 43 19 60 44 38 48 40 24 39 4 49 32 35 1 10 28 16 59 21 22 47 3 11 53 12 14 33 6 61 9 27 20 17 26
20 21 38 4 64 54 6 9 12 14 62 18 55 23 58 48 47 60 29 36 30 33 31 57 61 15 1 63 13 22 28 11 50 41 37 19 34 46 7 43 2 51 39 45 26 27 35 42 40 16 59 49 44 3 32 56 17 24 10 25 53 52 5 8
20 18 64 43 39 17 44 1 37 10 42 59 32 33 2 12 16 13 19 34 58 45 29 9 49 35 7 54 36 24 38 62 63 47 51 40 46 41 48 23 53 22 25 55 56 26 31 28 57 15 5 50 30 8 14 21 11 61 4 27 3 60 6 52
52 22 24 12 6 35 13 17 58 60 56 42 14 3 19 15 40 49 51 34 62 32 43 53 41 25 30 33 38 55 16 1 50 63 48 36 11 29 64 37 4 57 27 9 47 26 59 39 45 2 28 5 21 7 10 18 23 44 61 8 31 20 46 54
20 17 13 32 54 40 38 45 18 49 11 7 9 24 21 15 50 39 43 2 26 56 5 59 41 34 63 51 3 33 10 35 31 23 37 64 27 4 19 30 60 14 36 47 6 1 62 16 28 8 58 22 25 52 46 61 53 57 42 44 48 12 29 55
24 63 27 13 5 43 9 16 17 2 15 3 50 19 64 57 8 48 47 59 36 11 32 53 7 46 56 33 61 44 6 12 62 22 31 20 49 58 28 42 54 4 55 41 52 10 30 25 18 35 45 1 34 37 14 21 26 39 51 23 40 38 60 29
36 32 19 11 58 42 38 18 41 17 25 22 30 7 54 47 1 55 5 56 46 28 57 61 34 8 45 63 15 53 23 43 39 35 26 4 60 59 62 31 27 21 24 6 33 64 10 40 37 51 16 14 2 29 50 9 48 20 52 12 13 49 44 3
60 33 62 42 30 58 6 64 59 21 7 11 25 46 18 29 27 48 44 34 61 32 63 24 35 50 22 17 20 49 40 36 3 53 52 23 54 56 1 16 41 37 2 12 43 47 45 38 39 8 55 15 28 51 57 9 31 4 14 13 19 10 26 5
64 48 4 12 54 31 29 62 5 19 37 30 57 15 32 8 11 24 20 9 16 53 26 17 56 18 51 22 1 52 41 3 39 27 21 43 10 47 25 38 59 60 46 28 55 23 61 13 40 33 63 42 6 14 2 45 50 7 36 58 44 34 49 35
36 18 60 44 14 9 38 22 54 11 50 63 56 7 33 28 34 24 57 25 39 58 30 3 19 41 15 6 53 45 10 61 27 37 21 23 59 62 5 35 47 52 32 20 46 17 55 4 51 8 43 16 42 40 1 31 64 13 12 2 49 26 48 29
58 18 52 62 26 49 53 38 34 48 22 33 24 43 51 12 19 31 47 57 6 50 7 14 4 23 11 15 39 45 30 1 44 56 3 41 32 42 27 60 21 10 55 63 2 29 40 25 54 37 35 13 36 9 8 17 46 5 16 64 61 28 20 59
56 61 44 15 62 23 18 21 43 33 54 17 63 38 46 36 57 2 14 42 29 49 53 7 47 52 31 25 8 28 58 34 64 59 45 11 13 35 10 32 16 51 20 37 19 26 27 3 30 5 4 48 24 1 40 9 39 50 6 60 22 12 55 41
15 32 35 42 2 4 23 6 51 37 26 13 52 18 49 40 48 24 53 9 27 7 56 64 36 25 38 31 61 44 54 10 14 19 55 21 33 41 46 11 8 5 17 30 34 22 20 3 29 16 60 57 39 50 28 59 1 58 62 63 47 45 12 43
61 51 22 21 41 2 28 63 44 47 53 6 42 49 26 45 13 19 31 18 35 52 25 56 17 3 59 4 5 39 50 11 29 33 30 40 23 9 46 10 32 7 43 34 64 24 12 16 36 54 27 62 1 38 57 60 48 8 55 37 15 20 58 14
21 43 9 25 51 33 18 27 61 52 56 16 42 5 13 17 28 53 4 62 38 15 49 41 24 60 40 37 30 44 64 6 12 8 48 32 26 54 47 50 11 35 23 57 46 14 45 22 58 29 1 34 20 36 31 19 2 10 7 3 55 39 59 63
10 14 40 37 42 56 3 28 12 53 48 26 31 2 54 46 20 18 7 51 58 36 23 4 15 25 5 32 27 55 50 45 29 59 41 49 64 6 30 1 57 33 11 44 60 16 24 17 47 39 52 38 61 63 8 19 13 62 35 22 21 9 34 43
9 53 31 42 54 8 48 15 58 46 3 50 13 34 7 10 49 43 33 26 12 22 51 25 39 40 45 4 41 1 32 63 29 61 19 24 18 62 35 52 6 47 5 44 28 30 60 16 17 11 20 55 56 59 2 37 23 14 36 38 57 27 64 21
26 56 23 50 6 14 47 62 10 3 35 49 8 5 33 21 27 7 42 51 44 61 54 18 38 32 29 31 41 57 48 34 52 43 20 58 25 64 63 39 4 9 46 28 53 36 13 2 22 30 55 37 60 59 45 40 11 17 12 1 24 19 15 16
26 3 34 37 45 12 32 44 18 21 17 10 30 27 23 5 4 51 41 11 31 60 22 49 16 36 29 19 63 42 24 62 38 20 61 9 39 46 59 53 6 7 52 40 2 13 8 33 58 25 55 48 15 47 14 35 1 50 56 57 64 54 43 28
59 58 19 36 31 22 17 57 29 8 30 18 62 49 64 7 52 14 63 1 51 13 26 44 23 5 34 21 50 3 15 60 25 6 9 12 38 61 37 48 43 47 35 32 39 55 20 33 40 28 56 2 41 46 11 54 27 53 16 4 42 24 45 10
34 2 62 16 14 4 32 61 55 20 6 24 49 5 19 53 8 40 13 42 29 7 1 46 21 51 33 28 17 41 64 44 26 58 50 31 59 57 52 38 15 37 39 48 3 9 43 22 12 35 11 54 60 56 10 36 25 63 23 47 30 45 27 18
29 38 34 15 46 43 42 37 59 49 58 61 60 33 41 35 51 14 56 2 6 12 19 17 27 28 20 24 13 48 7 4 26 11 3 54 55 10 22 63 36 23 40 31 32 47 44 57 62 30 16 5 21 9 1 45 8 53 25 18 50 64 39 52
27 57 25 59 42 63 34 62 58 28 41 7 13 33 6 15 20 9 8 21 16 12 40 60 22 18 1 29 38 3 56 47 19 61 24 43 49 64 44 17 46 2 10 30 36 55 48 37 39 51 31 54 32 14 11 53 26 45 35 4 50 52 5 23
5 47 25 18 4 45 37 17 44 48 32 34 62 30 50 20 42 41 29 12 14 57 28 19 24 64 60 3 56 59 7 33 15 51 35 40 1 38 36 26 22 39 31 55 6 8 49 13 54 10 61 23 9 58 11 43 46 52 16 53 27 63 21 2
25 58 19 3 12 18 36 60 50 9 28 46 47 35 21 11 29 64 4 40 33 10 48 51 45 34 16 17 13 22 37 2 38 63 31 1 6 62 52 59 5 14 57 41 54 30 27 7 42 8 39 23 20 49 56 61 44 32 26 55 53 24 43 15
22 48 51 11 23 4 35 16 39 40 41 50 5 58 62 25 8 33 57 64 49 9 54 13 44 61 14 27 17 15 19 52 3 6 12 18 53 60 37 59 26 24 31 42 56 45 1 30 34 47 36 7 46 29 38 43 10 20 21 63 32 2 55 28
22 43 11 57 38 32 21 8 52 15 35 26 51 20 5 1 37 48 46 16 36 54 4 53 33 25 12 44 62 58 27 34 45 7 2 28 23 50 47 19 24 14 6 39 64 13 55 3 42 10 31 60 40 9 17 30 61 18 59 49 63 29 41 56
53 4 26 32 42 44 6 16 36 34 56 50 30 64 7 40 27 31 19 13 10 17 21 20 52 63 62 15 57 47 11 24 23 59 54 2 46 41 60 18 28 51 12 29 37 3 25 33 45 39 22 35 8 55 43 5 49 48 38 1 9 58 61 14
53 52 31 15 25 62 29 7 28 16 51 64 49 35 59 19 61 41 24 11 8 60 42 10 63 22 47 13 50 3 33 2 55 43 36 39 37 34 20 14 57 56 21 38 46 27 6 1 26 54 58 23 48 45 12 5 30 44 17 40 32 18 9 4
11 30 60 45 20 64 24 7 52 61 40 29 27 47 9 62 59 21 22 33 42 18 35 14 44 8 17 1 36 4 46 58 50 19 34 26 15 6 41 23 55 13 48 16 51 37 31 49 25 2 53 12 39 28 57 32 63 3 38 43 5 10 54 56
25 59 42 37 3 20 50 60 15 7 56 29 14 6 17 21 62 46 55 28 31 63 58 26 5 48 41 19 54 18 47 39 11 52 9 44 24 53 36 16 34 30 13 64 38 49 10 23 61 27 40 12 43 51 57 45 32 22 8 1 2 35 33 4
20 16 55 57 17 37 13 61 35 23 40 53 6 1 52 12 11 21 15 54 32 31 42 30 59 44 24 29 43 45 60 51 39 48 58 14 7 64 34 27 49 41 3 5 2 36 4 63 46 56 26 50 28 25 8 62 22 47 10 9 38 18 33 19
5 24 63 60 25 34 57 23 39 38 56 15 55 28 10 59 19 62 49 42 26 3 17 30 54 53 11 9 47 31 7 33 52 27 21 37 16 2 58 44 12 64 48 61 45 8 13 41 50 46 29 22 36 4 35 40 14 18 6 20 1 32 43 51
4 6 51 24 3 57 60 42 30 33 9 7 50 46 29 55 19 5 20 32 21 25 44 28 38 64 47 14 34 40 17 43 12 18 1 39 59 61 36 48 58 37 53 31 2 63 22 16 56 62 45 10 35 49 27 15 13 41 54 8 23 52 26 11
46 36 64 21 10 53 41 55 49 56 23 4 27 24 34 6 35 1 57 15 29 40 8 7 63 50 42 43 26 45 28 17 22 62 48 20 30 47 9 60 12 14 18 61 59 37 39 51 16 2 58 25 11 52 19 44 32 38 3 13 54 31 5 33
8 9 36 51 7 43 52 55 22 37 27 33 2 44 49 53 5 32 6 25 46 63 29 47 1 24 45 16 15 48 3 62 42 14 31 38 41 34 61 21 11 60 13 26 39 50 10 64 17 12 40 56 54 35 23 19 58 30 28 4 57 59 20 18
62 12 38 24 51 28 33 30 3 18 45 36 48 31 64 13 17 27 10 35 57 50 53 14 26 32 47 54 20 21 1 44 59 42 9 4 63 29 56 16 15 7 8 52 43 22 46 58 34 61 23 49 37 25 40 2 6 39 55 11 60 19 5 41
22 34 30 50 31 24 53 1 49 43 44 20 60 55 23 62 18 10 14 64 42 25 38 3 8 52 36 5 35 4 19 29 15 57 45 51 27 48 61 47 59 12 58 16 54 32 40 26 17 39 56 46 33 28 9 21 13 41 2 63 6 11 7 37
11 52 63 2 16 57 7 58 35 17 28 43 53 10 48 59 55 56 19 23 44 30 40 39 47 31 62 26 12 37 9 50 25 61 27 29 22 8 21 1 64 46 18 14 41 49 13 60 36 32 5 4 45 34 3 15 33 6 51 38 54 24 20 42
64 39 29 35 33 50 27 40 24 14 62 12 2 37 34 8 57 31 60 6 15 56 36 52 17 11 5 13 16 9 30 58 46 63 22 7 42 55 54 59 25 18 44 45 47 23 28 1 4 26 10 19 20 21 41 3 43 51 53 48 49 32 61 38
64 11 26 54 38 27 48 7 46 57 62 20 51 35 47 28 1 37 24 4 15 45 39 49 2 8 59 14 31 34 41 19 52 9 16 58 23 44 12 17 32 36 5 22 50 3 10 21 25 30 29 33 18 56 53 55 60 63 40 61 6 42 13 43
56 35 6 5 53 21 37 61 1 9 32 49 25 18 63 33 30 55 31 23 45 38 24 57 62 13 14 50 19 7 60 15 3 46 27 29 2 59 20 41 64 40 22 16 17 58 51 34 54 36 28 8 47 39 26 11 52 42 43 10 44 48 12 4
9 39 2 14 31 29 25 58 16 6 5 10 47 37 7 34 36 60 23 56 8 54 59 57 63 61 42 52 41 43 53 22 20 19 62 35 45 40 51 26 18 32 46 50 28 64 4 3 48 55 15 11 49 1 24 12 13 21 33 17 30 38 44 27
47 62 6 8 42 16 24 21 10 63 3 23 22 14 31 46 39 20 59 58 4 34 41 32 40 28 18 44 30 50 56 35 54 12 48 7 29 19 33 15 38 37 55 9 61 43 27 2 17 11 64 49 53 25 52 51 1 13 45 60 26 57 36 5
4 24 46 20 35 22 59 41 33 26 27 6 42 53 52 50 3 30 21 49 40 2 58 36 44 23 64 8 14 25 38 60 43 17 13 62 55 31 16 11 5 56 47 39 63 45 1 51 19 37 48 9 28 18 57 15 12 29 7 32 61 10 54 34
25 21 39 12 37 2 6 31 8 54 28 35 15 3 56 48 27 10 18 29 9 19 11 50 7 16 64 14 13 22 36 44 55 60 42 30 51 40 26 63 24 61 1 41 17 53 43 4 46 23 5 49 62 47 32 20 38 52 59 34 58 57 45 33
17 25 4 56 24 41 27 21 2 58 59 54 48 43 7 33 36 5 45 3 12 40 32 28 50 52 18 16 51 64 20 62 13 38 8 42 26 19 55 34 23 22 10 46 14 31 39 9 47 63 44 6 53 57 35 61 60 1 15 49 29 11 30 37
40 47 1 60 44 27 20 19 41 11 22 16 15 39 6 55 33 34 10 36 17 9 59 13 53 14 31 26 51 18 57 58 63 7 38 64 23 12 25 43 62 48 5 32 30 2 35 37 61 24 50 3 54 49 45 56 42 8 52 21 46 28 29 4
50 14 32 35 63 41 30 12 40 48 31 37 21 13 47 51 18 16 23 52 1 20 56 55 27 28 60 38 5 61 54 7 53 59 36 8 46 11 6 58 24 2 64 26 19 9 34 15 62 29 17 45 42 49 57 22 10 3 4 33 43 44 25 39
41 42 60 35 1 26 24 21 38 10 31 19 2 52 44 20 47 37 64 33 12 9 58 18 23 56 62 39 13 45 27 28 43 46 50 29 30 40 61 6 22 14 8 5 17 55 25 48 11 7 16 63 54 4 3 59 32 15 34 51 57 36 49 53
6 32 60 12 23 34 13 4 53 18 55 15 43 2 31 25 1 35 40 33 54 28 47 29 49 44 11 9 63 19 38 62 7 42 14 22 3 50 16 37 45 51 52 17 36 30 20 59 57 24 41 8 48 39 61 21 64 27 10 58 56 5 26 46
62 27 5 9 2 51 46 54 47 61 64 63 20 16 32 11 52 17 30 7 15 34 26 53 4 8 42 49 19 43 33 44 28 13 60 56 58 41 25 39 57 10 22 40 55 23 6 12 36 21 48 35 29 31 45 1 14 50 24 37 59 18 3 38
9 38 46 41 14 17 27 64 1 4 10 55 3 47 13 29 6 59 7 21 62 12 31 63 33 43 23 58 20 52 53 42 49 39 36 37 19 48 26 56 44 34 11 35 2 57 15 22 24 18 25 16 51 40 5 50 61 28 32 60 54 30 45 8
11 20 34 37 7 47 31 2 21 24 4 55 64 60 29 46 13 17 18 40 38 23 16 27 5 59 42 61 30 62 14 26 25 15 52 6 58 48 10 19 8 35 3 28 36 56 45 50 57 53 32 22 43 9 1 54 44 63 41 51 39 49 12 33
55 53 49 31 16 23 24 15 58 63 30 51 4 60 2 42 1 62 33 64 61 19 17 27 46 8 11 18 57 56 7 52 28 20 13 38 45 50 5 36 34 26 14 43 12 44 40 29 32 21 59 25 48 35 6 37 54 3 9 47 22 39 41 10
10 8 27 20 17 34 2 12 15 33 13 5 35 54 25 53 7 21 26 61 29 4 40 44 50 62 1 32 6 49 46 43 14 3 42 24 64 56 63 23 28 57 60 16 11 51 31 22 52 59 37 58 45 30 39 36 9 48 55 18 47 38 19 41
44 61 29 17 50 39 7 8 36 26 19 32 59 35 12 23 14 18 53 31 55 2 43 22 25 51 56 33 63 28 27 52 5 20 42 13 38 40 41 9 4 62 34 45 60 15 49 37 24 6 11 16 3 30 21 58 1 46 54 47 10 57 48 64
55 36 46 56 6 43 5 15 60 25 35 28 13 20 58 59 62 42 17 34 57 21 48 40 50 10 51 47 3 45 30 11 52 22 9 63 37 41 32 61 19 24 49 29 39 53 31 44 26 12 23 4 38 16 54 2 18 8 64 14 7 33 1 27
4 17 35 36 61 23 56 49 58 28 19 57 8 62 2 25 45 48 44 26 21 54 63 5 51 39 46 24 14 32 52 34 37 3 42 40 38 27 47 11 30 29 16 33 9 31 41 20 10 60 18 50 55 7 64 13 6 53 43 22 15 59 1 12
17 24 39 49 63 18 22 54 9 28 7 55 44 50 20 53 27 42 57 56 2 16 10 29 37 5 13 35 11 21 4 46 3 6 40 48 41 33 47 31 64 61 52 43 26 30 15 23 58 38 34 51 14 62 1 12 25 36 59 32 60 19 45 8
21 64 32 59 14 5 63 24 10 28 40 31 42 48 4 34 51 39 11 36 27 8 22 13 44 9 50 38 60 30 61 20 49 41 19 47 17 12 56 1 6 54 2 26 29 58 52 62 7 16 46 23 3 55 33 25 43 57 15 53 45 35 18 37
20 64 8 49 5 7 11 17 60 15 52 51 50 21 28 14 10 37 18 16 61 46 35 55 6 19 41 4 58 23 39 1 38 33 44 24 53 63 45 13 12 25 36 48 9 54 59 2 30 40 26 43 47 57 62 42 56 32 34 22 27 29 3 31
45 7 13 61 2 12 16 39 42 24 10 21 26 18 36 17 56 64 35 28 62 48 40 54 25 11 49 8 31 23 34 51 63 46 41 47 3 5 38 53 50 58 15 57 33 52 60 44 59 55 37 6 43 19 4 27 9 30 22 1 29 14 20 32
27 8 59 29 7 5 53 62 47 61 20 4 13 2 57 9 19 39 49 56 60 58 45 28 23 36 12 55 35 15 37 6 43 42 33 22 18 34 16 44 40 3 48 38 54 24 64 31 32 10 11 1 50 21 26 63 25 14 46 52 51 41 30 17
28 11 20 57 21 37 33 56 51 27 17 53 8 42 4 54 5 14 58 44 3 16 36 48 1 50 19 32 35 31 25 24 6 63 13 60 64 2 38 45 52 39 43 30 7 46 62 47 61 29 59 22 34 18 10 15 55 26 23 9 12 49 41 40
2 24 12 30 46 29 48 53 13 55 57 41 23 4 51 42 56 60 40 27 8 45 1 25 21 3 33 35 62 5 38 50 63 26 61 37 9 17 28 54 44 10 58 18 52 20 64 34 43 47 31 32 15 11 7 19 59 36 14 39 49 16 22 6
40 3 4 18 19 51 8 61 56 39 11 47 62 5 63 34 20 50 41 52 6 58 44 49 37 42 29 10 17 36 25 31 22 32 53 21 64 27 13 12 28 26 35 16 7 59 48 54 60 14 9 33 1 15 23 24 57 46 38 43 45 30 55 2
