32
28 15 19 18 12 8 6 30 24 7 23 10 22 3 27 17 25 11 16 5 2 26 14 32 9 20 29 1 13 31 21 4
21 14 2 22 5 11 7 26 17 32 3 27 30 10 4 18 12 24 25 15 1 19 9 16 20 8 29 13 28 6 23 31
13 26 23 2 17 32 7 15 18 30 1 21 29 25 20 3 31 9 24 22 8 6 27 14 12 11 28 10 16 19 4 5
19 26 11 23 25 22 1 28 15 16 14 8 17 4 2 18 9 5 30 24 13 20 27 10 31 29 21 7 12 3 32 6
10 23 30 11 25 17 5 7 20 21 29 18 9 13 19 1 28 31 8 12 24 16 26 3 22 15 14 32 2 4 6 27
23 30 1 24 17 25 13 6 12 3 32 14 26 9 21 27 4 10 11 5 19 29 7 31 28 8 20 15 18 16 22 2
31 21 22 9 17 26 28 8 2 15 23 18 11 14 7 29 30 19 4 1 24 10 5 27 16 25 20 6 32 12 3 13
9 21 7 26 11 6 25 19 17 20 29 12 30 28 24 5 22 10 4 2 18 13 14 31 16 3 27 1 23 8 15 32
19 25 11 30 21 13 7 27 3 15 18 28 16 22 26 4 6 29 23 17 1 24 31 5 12 20 2 10 14 32 8 9
9 24 21 10 18 29 5 3 1 13 16 25 12 4 17 30 19 26 32 11 8 31 20 2 7 15 22 28 23 14 27 6
9 10 19 28 8 23 14 13 18 3 24 11 5 27 25 31 15 6 7 32 21 1 16 2 4 20 29 12 26 22 30 17
16 30 25 9 19 11 5 6 7 17 10 26 23 22 32 21 31 14 13 8 2 20 15 24 28 18 4 3 1 27 29 12
26 22 5 15 10 6 25 16 20 13 31 7 12 2 4 21 8 18 29 23 32 28 9 30 14 1 19 3 11 24 27 17
23 13 32 4 24 11 14 7 10 19 3 22 18 2 29 1 9 28 12 21 26 27 25 31 5 6 20 30 8 16 17 15
22 15 31 28 16 7 32 4 30 8 27 12 23 11 13 6 3 29 17 19 9 18 5 1 24 26 21 10 2 20 14 25
15 21 8 3 31 13 22 12 10 1 27 14 24 11 18 30 28 32 19 17 23 5 2 6 4 20 16 25 26 9 7 29
3 10 8 5 31 29 20 24 15 26 9 16 22 19 14 30 25 7 32 4 11 17 21 23 12 6 28 18 2 27 13 1
16 15 28 11 32 4 12 6 29 13 26 23 14 7 22 25 18 21 1 27 10 17 30 3 2 9 19 8 31 5 24 20
32 15 30 12 16 2 8 13 7 23 1 24 22 19 3 25 27 28 10 14 31 9 17 20 18 11 4 5 26 29 21 6
19 21 5 17 14 6 24 25 26 15 8 31 32 3 10 11 16 12 7 1 23 18 28 4 29 30 27 22 20 13 9 2
2 12 17 16 19 25 3 26 13 29 15 8 14 23 5 21 4 10 31 22 24 18 7 11 30 6 9 28 27 32 1 20
28 27 19 1 12 13 10 18 3 8 29 24 23 22 16 30 11 32 7 31 15 25 21 17 14 2 26 4 6 5 9 20
19 31 3 16 12 20 23 15 21 29 8 5 9 13 30 11 22 24 26 25 28 17 2 14 18 4 27 7 32 10 1 6
3 22 6 8 23 15 14 7 2 10 28 9 26 1 29 20 18 16 19 31 24 13 25 32 21 11 4 30 27 12 17 5
12 4 9 17 25 7 6 16 21 5 22 3 24 19 1 26 20 8 31 14 13 32 11 10 18 27 28 23 15 30 29 2
7 30 21 15 16 22 14 27 4 1 23 17 6 10 29 25 11 20 31 24 13 12 9 18 3 5 8 32 2 26 28 19
9 17 30 32 2 26 21 23 31 10 3 4 22 18 14 20 8 16 7 19 11 28 6 1 15 25 12 27 24 29 13 5
8 7 10 27 32 14 17 23 25 30 22 16 21 19 4 24 26 12 11 1 31 29 3 20 9 15 18 13 6 2 5 28
19 27 25 6 17 13 32 21 4 5 23 3 18 26 9 2 11 29 20 30 10 28 8 7 31 14 24 22 16 12 15 1
27 21 7 8 12 29 1 23 13 18 14 4 31 30 3 32 24 19 2 20 10 11 9 16 26 28 25 6 17 5 22 15
25 20 8 29 17 27 4 23 6 18 13 19 14 7 22 10 15 11 1 2 31 3 28 24 32 26 21 16 12 9 5 30
2 20 27 4 29 18 19 10 11 21 32 15 23 1 31 5 7 8 16 13 12 17 3 24 14 6 30 28 26 22 25 9
17 4 10 24 3 11 29 22 18 16 14 30 9 1 7 31 26 13 21 27 20 15 23 6 32 8 19 2 28 12 5 25
3 17 18 20 29 25 31 8 19 22 11 26 30 7 10 24 1 12 5 2 21 9 16 13 6 14 28 23 32 4 27 15
29 28 21 20 26 24 17 7 31 8 14 2 4 15 11 13 10 6 30 18 32 16 5 27 3 9 22 19 23 1 12 25
8 15 21 20 19 22 17 9 24 10 26 14 3 4 2 12 27 28 16 5 31 18 7 29 25 30 13 1 23 32 11 6
14 6 12 1 24 4 18 23 5 2 30 16 11 29 13 32 25 20 3 28 8 31 10 15 19 26 22 21 9 7 27 17
23 11 6 4 26 21 30 3 28 17 12 5 25 2 29 13 10 15 16 20 7 32 14 22 19 31 9 27 18 1 24 8
11 12 32 16 13 31 9 19 29 5 4 6 28 10 14 17 2 8 26 1 22 18 30 15 7 21 24 27 3 25 23 20
27 13 17 30 7 20 5 14 16 3 32 15 4 19 6 29 25 31 18 11 9 28 1 21 24 22 10 2 26 8 12 23
19 28 30 18 31 25 4 10 5 22 17 24 21 2 14 6 13 7 9 27 32 23 11 15 3 12 8 1 20 29 16 26
31 2 8 1 27 15 9 14 13 4 18 29 16 28 21 22 11 32 26 3 19 30 17 25 6 10 23 20 24 5 12 7
17 19 16 26 23 20 1 3 31 18 29 32 30 27 21 28 11 4 14 8 12 22 15 9 5 24 25 6 10 2 13 7
15 30 26 27 31 22 24 32 3 11 25 9 21 14 5 17 28 23 16 4 29 10 2 13 6 12 1 20 7 8 18 19
1 29 28 23 24 26 10 7 25 17 11 20 15 22 4 6 32 19 30 5 3 21 16 9 31 2 12 14 13 18 8 27
6 13 31 23 3 4 26 27 16 15 2 20 18 21 11 28 29 19 25 10 17 8 24 30 14 7 32 1 22 5 12 9
6 5 13 23 1 17 16 14 24 20 7 22 30 11 29 15 27 26 28 32 8 21 2 31 4 25 12 3 19 9 10 18
8 26 4 32 14 21 11 31 25 28 19 29 24 20 3 15 2 22 18 16 6 27 12 1 10 23 13 17 30 9 5 7
22 29 25 3 14 27 11 6 18 32 21 12 1 24 5 20 28 7 31 10 9 15 30 4 26 13 17 8 16 23 2 19
15 17 6 1 30 29 26 24 28 3 9 20 2 21 18 19 16 22 4 25 11 27 7 32 10 5 23 31 14 12 13 8
22 20 9 1 31 26 6 8 21 12 3 30 32 11 7 14 2 19 25 13 24 5 4 27 17 23 28 10 16 15 29 18
17 21 10 28 5 2 31 1 30 20 6 32 23 16 27 19 18 24 11 12 26 4 15 3 8 9 25 7 22 14 29 13
32 12 29 27 18 17 20 28 26 9 1 7 23 10 25 5 19 21 15 30 14 22 13 11 3 16 2 24 31 8 4 6
1 26 30 2 24 9 13 6 22 5 25 18 17 4 32 27 19 31 14 15 7 21 8 11 29 23 20 3 16 10 28 12
22 3 27 6 19 32 18 15 12 11 23 10 29 4 8 9 1 14 13 24 17 20 21 16 7 26 25 2 30 31 28 5
1 30 13 12 26 31 11 18 32 7 14 16 27 17 5 8 25 2 9 22 23 6 15 24 19 10 21 20 4 28 29 3
16 20 1 28 17 21 2 22 8 15 3 25 10 30 7 27 32 31 19 24 14 6 18 23 26 9 29 12 11 5 4 13
31 8 16 4 3 19 24 11 18 27 10 1 22 9 30 5 29 32 2 17 26 15 6 13 28 14 23 12 20 21 25 7
29 2 14 21 1 9 4 28 18 10 17 7 32 5 13 31 23 16 15 26 20 11 25 24 19 12 8 3 27 22 6 30
14 17 16 23 24 21 1 3 27 8 4 20 18 11 7 22 5 12 30 2 26 15 31 10 6 25 13 32 9 28 29 19
18 4 20 8 26 31 16 32 29 21 22 9 13 27 6 5 30 1 2 15 10 19 24 14 28 11 23 17 7 25 3 12
10 17 27 24 15 3 21 11 8 28 31 26 20 9 25 2 19 18 7 16 29 14 13 6 12 4 32 5 22 1 23 30
32 27 15 13 5 30 11 25 24 3 18 28 16 12 6 22 29 10 14 4 2 8 23 26 19 17 1 31 9 21 20 7
18 13 29 15 16 14 3 5 20 10 31 6 11 19 25 32 12 1 2 26 7 17 28 27 23 24 21 22 9 8 4 30
