16
3 8 9 1 6 10 13 16 12 2 14 5 15 11 7 4
5 3 8 16 11 6 2 1 7 10 4 15 13 12 9 14
3 4 16 15 6 1 13 14 2 8 11 9 5 12 7 10
12 16 2 8 9 5 14 3 1 10 13 4 11 7 15 6
9 8 2 1 14 15 7 3 11 16 13 10 5 12 6 4
12 11 4 3 5 6 10 2 1 8 14 13 16 9 15 7
1 7 4 16 13 9 10 5 6 12 14 2 3 8 11 15
2 3 12 1 4 7 15 8 11 9 14 6 5 13 16 10
4 13 15 10 7 2 6 12 8 1 11 14 9 16 5 3
3 8 13 7 2 10 11 14 16 4 15 12 6 1 5 9
7 3 13 5 12 15 9 14 11 16 10 6 8 2 4 1
5 3 11 12 14 8 10 6 7 1 16 9 2 13 15 4
6 10 7 14 9 15 11 2 8 5 13 12 16 1 3 4
16 11 15 10 8 5 12 6 13 1 2 9 4 3 14 7
8 10 6 2 13 15 14 11 5 1 4 16 7 9 12 3
10 9 7 1 5 6 11 15 2 16 12 13 3 4 14 8
8 7 1 9 5 13 16 2 12 15 4 11 14 10 6 3
11 6 1 10 5 8 16 12 7 4 2 14 3 15 9 13
12 5 3 16 14 7 1 8 15 10 6 9 11 13 4 2
8 16 15 6 13 1 4 14 12 11 5 2 3 10 9 7
3 11 16 14 4 7 9 13 2 6 15 5 10 1 8 12
1 7 13 12 4 5 9 15 3 14 2 6 8 10 11 16
16 11 4 15 7 10 2 8 5 13 3 12 14 6 9 1
14 2 11 4 1 5 15 12 8 7 16 6 9 3 13 10
3 4 11 2 7 10 12 13 5 16 9 1 15 14 6 8
4 13 3 6 2 1 8 11 7 9 12 5 10 14 15 16
2 9 14 12 7 15 13 16 6 3 1 11 5 4 10 8
13 4 7 8 12 11 6 9 2 14 5 10 1 3 16 15
6 10 7 1 16 4 5 9 15 3 8 13 2 14 11 12
6 10 7 1 14 3 2 15 8 16 5 9 11 4 13 12
9 14 12 13 16 15 7 1 8 4 11 2 6 3 10 5
5 8 11 6 16 3 7 1 13 9 4 15 10 12 2 14
