1 157
2 429
3 165
4 213
5 231
6 94
7 160
8 371
9 23
10 121
11 105
12 215
13 254
14 47
15 492
16 233
17 384
18 216
19 503
20 18
21 428
22 490
23 179
24 15
25 175
26 255
27 372
28 1
29 102
30 343
31 90
32 439
33 99
34 221
35 323
36 124
37 419
38 118
39 238
40 67
41 450
42 365
43 489
44 70
45 262
46 154
47 443
48 430
49 463
50 441
51 41
52 494
53 7
54 63
55 497
56 259
57 491
58 301
59 270
60 480
61 314
62 191
63 509
64 162
65 358
66 336
67 220
68 501
69 392
70 72
71 28
72 479
73 337
74 132
75 413
76 113
77 50
78 71
79 226
80 14
81 79
82 302
83 498
84 36
85 327
86 264
87 143
88 123
89 474
90 115
91 244
92 477
93 476
94 427
95 156
96 163
97 321
98 320
99 30
100 245
101 13
102 20
103 276
104 456
105 275
106 376
107 217
108 304
109 483
110 131
111 150
112 455
113 473
114 286
115 171
116 484
117 230
118 253
119 152
120 185
121 126
122 305
123 406
124 26
125 218
126 209
127 393
128 342
129 83
130 21
131 468
132 31
133 506
134 148
135 389
136 4
137 345
138 332
139 240
140 251
141 155
142 207
143 442
144 128
145 283
146 367
147 89
148 205
149 285
150 391
151 424
152 500
153 164
154 39
155 135
156 453
157 169
158 76
159 161
160 421
161 460
162 471
163 114
164 261
165 80
166 339
167 45
168 415
169 432
170 225
171 355
172 12
173 334
174 404
175 64
176 243
177 95
178 52
179 322
180 140
181 293
182 100
183 312
184 487
185 422
186 380
187 141
188 248
189 60
190 104
191 11
192 35
193 361
194 86
195 74
196 236
197 340
198 138
199 139
200 237
201 405
202 451
203 407
204 206
205 232
206 56
207 27
208 461
209 399
210 134
211 440
212 190
213 287
214 110
215 425
216 198
217 457
218 505
219 142
220 43
221 311
222 397
223 61
224 298
225 176
226 462
227 33
228 417
229 66
230 409
231 289
232 357
233 19
234 353
235 136
236 331
237 137
238 87
239 166
240 159
241 288
242 107
243 96
244 326
245 307
246 400
247 170
248 211
249 116
250 263
251 488
252 29
253 151
254 228
255 212
256 223
257 235
258 351
259 350
260 434
261 127
262 437
263 172
264 54
265 180
266 465
267 125
268 82
269 282
270 436
271 402
272 241
273 291
274 510
275 433
276 325
277 193
278 106
279 260
280 119
281 470
282 266
283 129
284 250
285 277
286 69
287 38
288 310
289 268
290 85
291 385
292 444
293 347
294 475
295 197
296 481
297 333
298 449
299 458
300 16
301 44
302 24
303 317
304 227
305 108
306 408
307 383
308 446
309 303
310 25
311 496
312 201
313 208
314 431
315 512
316 295
317 153
318 469
319 182
320 174
321 448
322 378
323 229
324 370
325 416
326 62
327 401
328 17
329 499
330 252
331 57
332 366
333 482
334 178
335 387
336 420
337 37
338 10
339 511
340 6
341 362
342 411
343 51
344 40
345 360
346 493
347 316
348 381
349 308
350 203
351 423
352 377
353 507
354 459
355 68
356 98
357 306
358 356
359 369
360 224
361 84
362 204
363 313
364 300
365 183
366 338
367 359
368 167
369 58
370 73
371 111
372 403
373 144
374 373
375 410
376 32
377 192
378 49
379 249
380 319
381 330
382 48
383 271
384 239
385 247
386 466
387 122
388 269
389 508
390 9
391 344
392 354
393 117
394 478
395 112
396 374
397 352
398 8
399 335
400 147
401 414
402 382
403 390
404 59
405 395
406 2
407 309
408 299
409 341
410 324
411 214
412 279
413 438
414 502
415 284
416 329
417 200
418 258
419 296
420 53
421 103
422 346
423 109
424 297
425 92
426 418
427 42
428 184
429 88
430 274
431 219
432 267
433 22
434 394
435 379
436 186
437 426
438 195
439 315
440 467
441 257
442 168
443 412
444 181
445 398
446 46
447 189
448 194
449 133
450 256
451 396
452 388
453 199
454 348
455 349
456 328
457 34
458 3
459 91
460 368
461 158
462 202
463 210
464 93
465 273
466 5
467 177
468 504
469 375
470 242
471 445
472 81
473 145
474 75
475 364
476 188
477 290
478 77
479 454
480 435
481 234
482 486
483 363
484 97
485 294
486 265
487 55
488 386
489 281
490 246
491 272
492 187
493 278
494 78
495 280
496 292
497 222
498 196
499 130
500 472
501 173
502 447
503 101
504 464
505 485
506 318
507 120
508 65
509 495
510 146
511 149
512 452
