1 43
2 111
3 45
4 122
5 6
6 55
7 16
8 109
9 23
10 8
11 81
12 112
13 79
14 88
15 98
16 11
17 52
18 116
19 128
20 64
21 35
22 42
23 32
24 56
25 10
26 121
27 84
28 80
29 99
30 115
31 50
32 73
33 17
34 96
35 14
36 105
37 3
38 106
39 65
40 82
41 37
42 4
43 20
44 34
45 108
46 110
47 15
48 90
49 102
50 24
51 48
52 114
53 107
54 126
55 93
56 40
57 77
58 19
59 2
60 104
61 54
62 57
63 123
64 94
65 86
66 92
67 68
68 36
69 97
70 62
71 69
72 63
73 61
74 33
75 41
76 87
77 103
78 70
79 125
80 22
81 91
82 100
83 47
84 78
85 5
86 51
87 124
88 117
89 25
90 118
91 119
92 58
93 75
94 76
95 18
96 72
97 60
98 66
99 59
100 67
101 12
102 101
103 71
104 120
105 44
106 39
107 53
108 89
109 74
110 83
111 26
112 13
113 95
114 9
115 85
116 113
117 1
118 127
119 49
120 27
121 38
122 46
123 7
124 29
125 21
126 28
127 31
128 30
