1 187
2 69
3 83
4 111
5 37
6 19
7 81
8 114
9 98
10 154
11 71
12 220
13 105
14 131
15 119
16 179
17 238
18 32
19 216
20 65
21 94
22 47
23 125
24 60
25 109
26 223
27 118
28 59
29 132
30 48
31 198
32 91
33 237
34 163
35 208
36 97
37 66
38 20
39 99
40 160
41 31
42 16
43 227
44 2
45 22
46 230
47 44
48 11
49 64
50 75
51 62
52 27
53 196
54 153
55 146
56 184
57 201
58 144
59 38
60 243
61 167
62 152
63 115
64 247
65 17
66 215
67 77
68 130
69 250
70 235
71 92
72 141
73 50
74 191
75 56
76 150
77 207
78 226
79 142
80 239
81 157
82 21
83 140
84 134
85 170
86 202
87 102
88 252
89 129
90 197
91 219
92 176
93 35
94 61
95 244
96 172
97 248
98 137
99 45
100 225
101 10
102 195
103 39
104 68
105 194
106 122
107 24
108 171
109 40
110 169
111 74
112 241
113 76
114 180
115 177
116 166
117 251
118 106
119 126
120 7
121 1
122 233
123 89
124 87
125 103
126 133
127 253
128 46
129 229
130 164
131 86
132 26
133 222
134 206
135 168
136 73
137 57
138 165
139 162
140 25
141 6
142 72
143 58
144 5
145 185
146 117
147 3
148 51
149 231
150 192
151 145
152 174
153 254
154 173
155 8
156 136
157 30
158 96
159 209
160 210
161 67
162 9
163 148
164 138
165 182
166 18
167 242
168 199
169 54
170 104
171 205
172 80
173 36
174 90
175 240
176 186
177 124
178 43
179 113
180 189
181 12
182 178
183 128
184 204
185 127
186 183
187 190
188 193
189 158
190 234
191 93
192 120
193 15
194 236
195 211
196 228
197 70
198 95
199 4
200 52
201 200
202 135
203 256
204 149
205 161
206 232
207 188
208 34
209 23
210 214
211 151
212 212
213 246
214 85
215 53
216 121
217 88
218 249
219 155
220 29
221 79
222 110
223 159
224 181
225 33
226 221
227 108
228 213
229 156
230 13
231 28
232 84
233 143
234 78
235 82
236 49
237 63
238 107
239 203
240 123
241 116
242 41
243 100
244 224
245 112
246 101
247 55
248 217
249 42
250 14
251 139
252 255
253 245
254 218
255 147
256 175
